#data 0
   0.888970658781   -0.316886348334   -0.138394535911    0.300268484022 
   0.973771964595    0.102764246273   -0.177562810861   -0.098382512958 
   0.910324239745   -0.298262440702   -0.165257817435   -0.234604238614 
   0.962588131618   -0.111567745051   -0.159825234142   -0.188235548353 
   0.948138503635   -0.223767101102   -0.181338332920   -0.134454718785 
   0.933819610364    0.094236275958    0.253024917607    0.234688837962 
   0.896104173909   -0.345036461585   -0.276409796079   -0.039303617029 
   0.988793909621   -0.114072136462    0.081587141568    0.051163368830 
   0.893513825696    0.177916598157   -0.288201312480   -0.294819827820 
   0.932543490146    0.077564345107    0.162323817086    0.313045347771 
   0.866993683427   -0.144606630342   -0.329248863168    0.344972551749 
   0.966871441725   -0.018237783144   -0.058738315612    0.247743433257 
   0.980870737462    0.052435745928   -0.057617364584   -0.178390942139 
   0.924318145647   -0.290596761280   -0.027386616794   -0.245844384074 
   0.967093311665    0.253151044770    0.019328122513   -0.016477218949 
   0.952081364984    0.083714298694    0.243789208344    0.164620206961 
   0.899720262518   -0.287485789306    0.231388863115    0.233054852316 
   0.898368350809    0.148816474622   -0.224758048472    0.346802224320 
   0.921483656279    0.246230862218   -0.104607478059   -0.281594583108 
   0.874876107441    0.271072323466   -0.236018935657    0.324663909438 
   0.963512473718    0.034334593106    0.262404424696   -0.040109432873 
   0.889501963506    0.237668643210   -0.333710075994    0.202330072241 
   0.912564423435    0.375719245285   -0.131292495946    0.093933499405 
   0.968557367105    0.199187091650    0.046048007972    0.141776973123 
   0.906888691760   -0.202050461187    0.119425293775   -0.349951583936 
   0.955561784283    0.271379172149    0.110187576112   -0.033372434919 
   0.949248894015    0.293759494044    0.097020739713    0.056735112015 
   0.911386793524   -0.159644694375    0.336825629813    0.174459678002 
   0.981920846817    0.016941236398    0.052486583238    0.181078998440 
   0.947076372903   -0.121096340955    0.004481859500   -0.297257351520 
   0.970490456840    0.168846555325   -0.145372718931   -0.092227363232 
   0.954560744148   -0.289149528065   -0.011202259202   -0.071280050079 
   0.942867171701   -0.314862800485    0.088538763944    0.063433435028 
   0.991246468421    0.127629924182   -0.008463164862   -0.032701928635 
   0.955465589986    0.106457293440   -0.254895314125   -0.103830293569 
   0.865414832161    0.173663687870    0.305688852714   -0.357004785847 
   0.875679229904   -0.242942315447    0.350259719007    0.226898759187 
   0.936275599086   -0.034343206585   -0.315418237093   -0.150731159442 
   0.972013095816    0.140114275189    0.155195955552   -0.107110909015 
   0.929503307716    0.305015591767    0.029862557677    0.205176308023 
   0.972165498021   -0.141974957991   -0.184914910997   -0.023320194077 
   0.936014287424   -0.278700933441    0.059585342429   -0.206525132621 
   0.942190485605   -0.243829430795   -0.167358419575    0.157529225579 
   0.889919059378   -0.040634373037   -0.282394482050    0.355873955203 
   0.991755146409    0.023633868170   -0.114306491221   -0.052888523439 
   0.930984183473   -0.055332518669    0.343783159832   -0.109635311451 
   0.923023037209    0.201376831674   -0.298525171709   -0.135493786955 
   0.904763138179    0.240609930410    0.321753977714   -0.141367970225 
   0.915533543599    0.141608100147   -0.246086113724    0.284933503030 
   0.919397178398    0.205305308562   -0.296253656517    0.157455802149 
   0.945901395014    0.309722330975   -0.084329119911    0.047235877680 
   0.936060734136   -0.035055899252   -0.110964979669   -0.332036382380 
   0.936541078594    0.259688396011    0.221071114135    0.081119095033 
   0.877743802357    0.178549185529    0.280905582503    0.344641929384 
   0.897838385416    0.219382620556    0.169373369233   -0.342155171327 
   0.943183096231    0.036298165524    0.191911889898   -0.268808327027 
   0.876485000770   -0.223344572594   -0.248943765035   -0.346292141360 
   0.915040801027    0.264348185957    0.292303148186   -0.085902494707 
   0.959542440565    0.193304305888   -0.002036778405   -0.204713462218 
   0.957272481849   -0.161296378525   -0.232108158207   -0.061144719007 
   0.896942861318   -0.023873390459   -0.357540610901   -0.259014046559 
   0.979559883987    0.143172464981    0.083734355819   -0.113809650775 
   0.939766231698    0.210906297640   -0.148999361667    0.223957928191 
   0.903891708157   -0.227400752515   -0.009455015918    0.362186803121 
   0.981643403734    0.002766965945    0.099615016184   -0.162620479509 
   0.945027812484   -0.106293622825    0.304990851649    0.051036063612 
   0.894266223603    0.338417003627   -0.279709241892    0.086744411800 
   0.964751532547   -0.128629148178   -0.052943708486    0.223396478079 
   0.969647211746    0.060776500225   -0.086046326751    0.220650246830 
   0.937190371685   -0.019088105795    0.347775429144    0.019028986345 
   0.968373965569   -0.028518626180    0.236793276874    0.073263188554 
   0.926827686070   -0.081299025773   -0.321929022738    0.175335715304 
   0.893461635677   -0.239117142717   -0.363545696900   -0.111282630710 
   0.949915453022    0.085066862648    0.187803974657    0.234848734491 
   0.900587802994   -0.334369328901   -0.276441722115    0.026809238399 
   0.926352050389    0.338255819425    0.141422841505   -0.086339210473 
   0.882260491838    0.228377227732    0.279433206176    0.302286866539 
   0.960930508892   -0.021639232355   -0.003292664349   -0.275922922327 
   0.943787325158   -0.327446652212    0.039128262858   -0.022652899849 
   0.989869688020   -0.097841162565    0.047182336468   -0.091427210246 
   0.916115282757    0.132706938173   -0.291942346514    0.240606158634 
   0.942165204641    0.304599525772   -0.123742484102   -0.065051162105 
   0.909800294334   -0.180134341082   -0.016783203387   -0.373541654540 
   0.906339324639    0.122059940289    0.354254558874    0.195330763338 
   0.941020509894    0.043821525146   -0.146945490361   -0.301607521052 
   0.936762029443    0.030294416121    0.000881310483    0.348652221903 
   0.907309175736    0.351495488002   -0.173434748910   -0.152188598159 
   0.986868848263    0.076451314330   -0.134591096999    0.046155275695 
   0.893784174937   -0.212850159008    0.239526725145    0.313801858477 
   0.982370589952   -0.109578918750   -0.005798984895   -0.151350111786 
   0.981508106347   -0.176005091321    0.070999065252    0.024963528138 
   0.902899407394   -0.300456885982    0.297360494580    0.077942645939 
   0.921623337830   -0.074002968136   -0.187964967854   -0.331365590751 
   0.889451735181    0.094372624366    0.266247292821    0.359279553578 
   0.962059766988    0.009646130638    0.252475131926   -0.102977010373 
   0.929300185619    0.194971216913   -0.127394352687    0.286632287937 
   0.928853173028   -0.029560208645    0.282547755101   -0.237749328301 
   0.913705355862    0.261939892494    0.164391295441    0.263638990615 
   0.968608909900   -0.009887543683   -0.213408943673   -0.127104834304 
   0.992882018931    0.025522219645   -0.055186893789   -0.102412497000 
   0.960773504525   -0.163441757124    0.173079463590   -0.142283394375 
   0.915970808214    0.372303361926   -0.149313156805   -0.009657453252 
   0.945600567840   -0.291531237512   -0.133315897872   -0.055461473379 
   0.923087818371   -0.122960914822    0.271494760981    0.243063958170 
   0.932316874615    0.034209826072    0.287263613263   -0.217012786728 
   0.971934865417   -0.153332886178    0.176140124944    0.028395418437 
   0.973412960960   -0.178522391483    0.115802874400    0.084774155585 
   0.897459657545   -0.132701565129    0.330380684036    0.260394050060 
   0.994863364289    0.014406479779    0.091945944744   -0.039815612290 
   0.936475303792   -0.160522239656   -0.169450463212   -0.261788381102 
   0.988908948604   -0.060947210022    0.034730855332    0.130913317307 
   0.922044886978   -0.120142202305    0.157407934016    0.332598586786 
   0.913303021921   -0.181913331969   -0.349126605173    0.104382677503 
   0.944054459048    0.201684765633    0.083155027550    0.247325039283 
   0.905678098912   -0.334490372512   -0.007859611728    0.260387400522 
   0.914363148581    0.282258247940    0.082251558090   -0.278397189604 
   0.961334788998   -0.078799553308   -0.069083116962    0.254663654280 
   0.901604237530    0.021232292773    0.314573337352   -0.296146254473 
   0.949919049916    0.205740612441   -0.198477175860   -0.126219688094 
   0.918536476896   -0.189963702149    0.132952421201    0.320200228254 
   0.913332450637   -0.139113741073   -0.308621828541    0.226326685581 
   0.925645677067   -0.198032671838    0.322428917799    0.001653595477 
   0.870994957985   -0.299690641461   -0.224558010321    0.318004721013 
   0.961196076436   -0.206300634607    0.164330289974   -0.080856085744 
   0.938685157383   -0.126514909300   -0.302789128980    0.105749214680 
   0.992659570127   -0.075286786722   -0.063333132502   -0.070340542413 
   0.947179686145   -0.082072083956   -0.270072743814   -0.152235108430 
   0.921953359654   -0.030696386899   -0.363662889269    0.129649671896 
   0.940783865556   -0.228018016554   -0.015191984565    0.250405083896 
   0.877065648740    0.342861463287   -0.334818146096    0.033146249240 
   0.903509231289    0.259612599829    0.054435670911   -0.336614207541 
   0.928458652947    0.001134410960    0.330501240468    0.169505672259 
   0.914642751559    0.248454451666    0.149480794774   -0.281699333443 
   0.887560014118    0.295018782876    0.009432254786    0.353711989702 
   0.904762006772    0.085023985658   -0.257322799654   -0.328575120396 
   0.945049232415    0.025257705554   -0.216702752786   -0.243482881446 
   0.893759956039    0.215005829052    0.344086262431    0.191233570435 
   0.941407901190   -0.056978627195    0.330554292860   -0.035191747506 
   0.932221828117    0.217454466026   -0.231644849529   -0.173253231061 
   0.952938759321    0.229552943817    0.048693179495    0.191943067706 
   0.919899687009    0.057879161774    0.254601340192    0.292596524323 
   0.956639736760    0.030871714920   -0.067328155218   -0.281698900930 
   0.945447374682    0.014132832221   -0.300903559679    0.124042623856 
   0.939891168298   -0.110878885486   -0.185501504634    0.264385431307 
   0.963025705042    0.185023446425   -0.114838226582    0.158619032330 
   0.887854171068   -0.041961163136    0.355235706101    0.289416352019 
   0.911828052269   -0.308306642965   -0.226334967086   -0.149295343777 
   0.970844471765    0.031411247137   -0.208215570931    0.114545280208 
   0.949308669190    0.165139991342   -0.174613615703   -0.202612731761 
   0.978287193263    0.121278845991   -0.135900226420    0.098877386046 
   0.933860868763    0.293794979816    0.132515954699    0.155009384808 
   0.991633008391   -0.028948054541   -0.125703201616   -0.004969095531 
   0.916496127558    0.113296942009   -0.289356181688   -0.251935807740 
   0.879530444322   -0.282566836058    0.154324351101    0.350380044135 
   0.984761954074   -0.121948430014   -0.123808981326    0.006618940141 
   0.864917348864   -0.267449928740    0.257764637044   -0.337558746206 
   0.944608734216    0.054608205812   -0.265297018981    0.185336922442 
   0.902504926377   -0.283921636028   -0.191001734696    0.261518067834 
   0.927290416490   -0.289057784792   -0.237791529045    0.005767950335 
   0.958984597693    0.241308907996   -0.116529220480    0.092409377682 
   0.939538144379   -0.182306551473   -0.050129768951    0.285516028992 
   0.941836398100   -0.278173440486    0.029488680756    0.186263667766 
   0.944183438433   -0.021746798970   -0.328330995387    0.015603486499 
   0.910321580720    0.259699090010   -0.296913652122    0.125352644597 
   0.918766064350   -0.356349180412   -0.086192786808    0.146475199679 
   0.949177510067    0.293407420719   -0.047695610928    0.103437268663 
   0.965637724742   -0.099768670522    0.013562416251    0.239595613070 
   0.911716049518   -0.289986756888    0.258060008889    0.134486273247 
   0.980043848522    0.133965142834   -0.085379584267   -0.119489422422 
   0.928082247908    0.166379921551    0.288428240684    0.166703967554 
   0.966346117398   -0.083077456834    0.018521663730   -0.242755567451 
   0.941508409901   -0.174508735835   -0.222643662789   -0.183134962864 
   0.919975485607   -0.323158984339   -0.097533787540   -0.199249936041 
   0.988743189175    0.108678759547    0.028651940846    0.098766894095 
   0.974665439672    0.200608089469    0.070716279337   -0.069158390567 
   0.989442882769    0.015212750145    0.043203317701   -0.137494826490 
   0.922700887712   -0.082126478656    0.157189844750   -0.342300549265 
   0.896305105067    0.303717155072    0.322910853547   -0.011028554166 
   0.969559093211    0.008077253078   -0.116790895133    0.215057688932 
   0.900574899021   -0.268146540522    0.009507688372   -0.342011531854 
   0.887029013060    0.250403798171    0.303321913849   -0.241812498498 
   0.921715650270    0.046003548531    0.215075045760   -0.319478728964 
   0.924654602741    0.343608746394   -0.088590801487   -0.138197557592 
   0.920115853984    0.218647361673   -0.324222215035   -0.021449982708 
   0.947284827850    0.262773739231    0.173342004834   -0.059615151224 
   0.913869419994   -0.102406198343    0.353817191808   -0.170789485982 
   0.901966053472   -0.159157191141    0.334403402370   -0.222037364820 
   0.961993863442    0.039811203772    0.118739888926   -0.242659666059 
   0.920094375170    0.300799201436    0.210321898704    0.136787719189 
   0.976429096110   -0.116092895157   -0.077809231018   -0.164482167826 
   0.923031247764   -0.103247676199   -0.360376018756    0.086500624945 
   0.887733694132    0.345114227601    0.032521920517   -0.302931317125 
   0.958155862278   -0.011144223665   -0.282392686588   -0.045469994755 
   0.958499133983   -0.179053012804    0.195007015395    0.105790796887 
   0.906474389070   -0.125767446267   -0.368431743070    0.163538320026 
   0.909985149527   -0.222372860826    0.307551438418    0.167001350698 
   0.955348337889    0.115095010935   -0.164897324181    0.216498416228 
   0.938667299682    0.040884987901   -0.314729209234   -0.134824490086 
   0.955315186868    0.040817661800    0.062499254027    0.286008138819 
   0.960330980484    0.050133165657   -0.263401327856   -0.076621237960 
   0.919022266631    0.195396600579   -0.329583261061    0.092699061202 
   0.941068997919    0.140877062353    0.257063292895   -0.168704646955 
   0.931144178313   -0.243541231364    0.253120554310    0.097919215713 
   0.973263785065    0.198833246081    0.017378954426   -0.113670211039 
   0.890020929392   -0.368053753885    0.267866397948   -0.025431719280 
   0.868702931687   -0.246037342439   -0.340121765756    0.262941109496 
   0.957352187436   -0.253617193591    0.137107068860   -0.018888091343 
   0.929775466806    0.002110894821   -0.056983757430    0.363683896864 
   0.946016465766    0.245402005139   -0.015395495275    0.211172159856 
   0.973581744985   -0.140998786391    0.106037296284    0.144962132521 
   0.910183400661   -0.242387957118    0.071592459010   -0.328159679451 
   0.999342270814    0.023202008018   -0.004144055021   -0.027559379460 
   0.967525291885   -0.003831815769    0.190689695807    0.165884196549 
   0.940342021219   -0.114659517346    0.278716179166    0.157884038719 
   0.960890196634    0.127208480105   -0.104761153106    0.222560403940 
   0.935506987086   -0.293630031032   -0.095990867175    0.171446304740 
   0.948881026546   -0.228459053132    0.143375270573   -0.163935323500 
   0.895134141587   -0.364223671661    0.217253423688   -0.137393360328 
   0.909182711777    0.338259757152   -0.242017581702    0.019865131370 
   0.947595140068   -0.228001731098    0.115135218533    0.191892007621 
   0.975150489072   -0.177283508042   -0.119418598108    0.058234696403 
   0.959287205584    0.132302037830   -0.238084653491    0.074698900663 
   0.932089607036    0.346939916490    0.072713039284    0.074528335013 
   0.953868668034    0.225562077076   -0.137277185451   -0.142868078600 
   0.986491491790    0.098079431445    0.121090684295    0.050517402250 
   0.900797175789   -0.025890084796    0.351213335490   -0.254053822198 
   0.919116638769    0.187480530597    0.195460628826   -0.286130735091 
   0.937503196702   -0.327711487498    0.110946800143   -0.037198718702 
   0.993881727609    0.092518012210    0.054125243824    0.026645579816 
   0.950197908574    0.249588031959   -0.098512804396    0.158508599811 
   0.920863310795    0.150728146018    0.276138852077    0.230302243159 
   0.959900035689   -0.030218948559    0.273500758612   -0.053629018923 
   0.926818400342    0.138864861964   -0.348405473308   -0.018380126985 
   0.932308011812    0.212174620391   -0.159074543096   -0.245924767587 
   0.912791909993   -0.212216279750   -0.230647529934    0.261871908757 
   0.932797015195   -0.014639143445   -0.203701079754    0.296953353287 
   0.911638431294    0.368570379056   -0.174874042544    0.049903061184 
   0.919650098704    0.070773010040   -0.356912618508    0.147811568404 
   0.925534189587   -0.114322438785    0.294780603685   -0.208377636963 
   0.965466625715    0.157595570391    0.063069934334   -0.197636065047 
   0.957376637448   -0.135619106339    0.245785468990   -0.068021579649 
   0.910114742938   -0.189428781901   -0.368304704563    0.012630750994 
   0.871774352197    0.178148528607    0.337021731442    0.307715669316 
   0.955647740673    0.003625780898   -0.287389609963    0.064276446274 
   0.889108358182   -0.318701325916   -0.305814319723    0.119972472357 
   0.975351127938    0.079947904034    0.059817553002    0.196774922751 
   0.896920632770    0.264474298426    0.258932040919    0.241952313831 
   0.950752839225   -0.227592702375   -0.209866668603    0.015052639005 
   0.917134415941    0.338180373155   -0.205557031432   -0.047379374601 
   0.986462148246    0.132204547450   -0.093532835758    0.025806905026 
   0.961381872523    0.044522144216   -0.169031633297   -0.212581703831 
   0.888427621228    0.305447660497   -0.269913383658    0.211056518163 
   0.896107907908    0.255464558836    0.159970596664    0.325788097951 
   0.950733131343   -0.262689916212   -0.083466859348   -0.141893637200 
   0.918308139433   -0.329131284735    0.208210371340    0.070930950407 
   0.920701577410    0.131769057861   -0.226316521119   -0.289355063917 
   0.897270995984    0.239937039654    0.366842509746    0.052550450154 
   0.928692732757    0.078549424218    0.056765222941   -0.357962994657 
   0.932100839313    0.110235807574   -0.301657266525    0.167448456645 
   0.982117193702   -0.178991868909   -0.052358022971    0.025814068436 
   0.930684259938   -0.195351157201    0.170685224522    0.257936596502 
   0.900455505679   -0.333073429776    0.134050652466    0.245504369091 
   0.891756400800   -0.046810586043   -0.346477028323    0.287285501741 
   0.884861155604   -0.130535435036    0.334441968832   -0.296866645123 
   0.922990202231    0.001254765474    0.082715066950   -0.375826728491 
   0.884771671798   -0.092697824723   -0.320864762236    0.325010778947 
   0.974542075294   -0.116956561096   -0.140776915833   -0.129501993293 
   0.970000966378    0.151488058650    0.181871911947    0.055426536574 
   0.918256943656   -0.365772984524    0.022987115315    0.149952998468 
   0.912762747627    0.229838474017    0.260680275667   -0.214672392923 
   0.991446333461    0.069483071513    0.029106418424   -0.106579017849 
   0.981463090329   -0.053621946230   -0.025903396795    0.182164494999 
   0.959254918315    0.164700292749    0.229298004037   -0.011235684257 
   0.957979441287   -0.016277080793   -0.223928558336    0.178511757241 
   0.899892005696   -0.157491456001    0.266720655776   -0.307003112611 
   0.879914373364   -0.292619151877    0.323641186518    0.188098670625 
   0.960490536676    0.150586723762    0.153470177512   -0.176715794984 
   0.963444304070   -0.234565019073   -0.093280822667   -0.089738580915 
   0.979892133960   -0.173057804863    0.090157257129   -0.041642177734 
   0.910097720623   -0.276368014966    0.110399687585   -0.288365684855 
   0.923175730360    0.042102530545   -0.240874861454    0.296569130079 
   0.915962530773   -0.094859889138    0.280514885601   -0.270787079842 
   0.912149758538    0.278673108383    0.277363838860    0.115729933706 
   0.904446539652    0.243845351788    0.319542054293    0.142859290427 
   0.975736161504    0.113258131111   -0.039007350348    0.183275654384 
   0.878544525321    0.356722410826    0.037742074505    0.315411119741 
   0.908499335935   -0.002641320470    0.230760216426    0.348384417772 
   0.974532387569   -0.132226019099    0.163208165800   -0.078523882157 
   0.915255570880   -0.142470347013   -0.212960967293    0.310897196199 
   0.889762300301    0.256799703954   -0.163780374476   -0.339930801706 
   0.941735988378    0.117678485304   -0.234709969318   -0.210229238196 
   0.965977462095    0.035777065563    0.206155338607   -0.152011580701 
   0.962346283654    0.211535878610    0.116816409922   -0.124483447779 
   0.949169526147    0.309677016051   -0.005928159630    0.056055448334 
   0.916402092412    0.144860484945    0.298965173395   -0.223254272126 
   0.871064499334   -0.292924537647    0.204430451541   -0.337120221475 
   0.953071887437   -0.148895151306   -0.148260548773    0.217951877655 
   0.933900151359   -0.079523516618   -0.020551860006   -0.347971462402 
   0.966945562980   -0.021192500286   -0.071868171596   -0.243725505593 
   0.957871188718   -0.163977476759    0.084822247034   -0.219998543967 
   0.910773352824    0.350299308142    0.181742275281    0.121457975765 
   0.936525902254    0.096034654609   -0.035974641218    0.335264678592 
   0.863146678698   -0.215530909364   -0.297534230156    0.346406726329 
   0.926089937878   -0.329161569748   -0.178730317575    0.045448449279 
   0.931765828360   -0.183966497133    0.239114349644   -0.201973010144 
   0.901468578544    0.118139449940   -0.358697724669    0.211502753136 
   0.908105323074    0.354983663884   -0.106715503531    0.194789942980 
   0.897327921695    0.309439926533   -0.072590715575    0.306235401000 
   0.931854970185    0.306115495315   -0.054421780155   -0.187023762966 
   0.906055682262    0.250550432311    0.217902686872   -0.262308979188 
   0.936977183158   -0.220130301158   -0.270583567458   -0.020023530523 
   0.997070007204   -0.017088332336    0.031532714122   -0.067565357789 
   0.948468695003   -0.151240964615    0.021837834625    0.277590371231 
   0.941907220513    0.075341049249    0.126267357293   -0.301978589847 
   0.882845169583   -0.349426571826    0.312497330311    0.028825266593 
   0.969321127316    0.117531577271   -0.147633582768   -0.157503034012 
   0.996299941912   -0.069684800078    0.013207638664    0.048538774859 
   0.968095919561   -0.189492592175    0.162861789938   -0.018944271387 
   0.926790319753    0.235497161033   -0.284638076126   -0.067690146819 
   0.888461290807   -0.358696341634    0.173807516739   -0.227517947338 
   0.910910457313   -0.295051869551   -0.271483586180   -0.097381699860 
   0.869811918924    0.330043755311   -0.317358980445   -0.183797776943 
   0.922087224779   -0.050256479793    0.256805583563    0.285097050825 
   0.923269383082    0.228475997573    0.246413599377    0.186152364579 
   0.964747101813    0.092973794965    0.233819048661   -0.077120395977 
   0.934577049158   -0.030753967881   -0.213969983232   -0.282554028325 
   0.920417184688    0.220942993620    0.209850481067    0.244906462344 
   0.902079323948   -0.044922586006   -0.255047465687   -0.345232740074 
   0.869666795978    0.238594427411   -0.327212275634   -0.282284413060 
   0.937047335486    0.172986328535   -0.299628640883    0.047336019703 
   0.906534347990    0.253635210569   -0.158830107066    0.297720763407 
   0.945818228711   -0.210499951243    0.222925744909   -0.106872639253 
   0.916831308518    0.137428225529   -0.144880045183    0.345750787501 
   0.949922793956   -0.089162538194   -0.222623985998   -0.200337934909 
   0.981087350194    0.048177827924   -0.180724459257   -0.049851559767 
   0.925154734153   -0.029927920298    0.239531710922   -0.292946406232 
   0.965921672617   -0.100250521029   -0.155088666104    0.181363339867 
   0.885348757070    0.115739062092    0.362737430366    0.266802557093 
   0.874752129160    0.325454381540   -0.144322640848    0.328723490801 
   0.936080753082    0.296647213659    0.180949827606    0.054867241833 
   0.927451676868    0.104533974036   -0.192649780466    0.302972106692 
   0.979682244608    0.143187436394    0.087893666690    0.109520596306 
   0.948506062191   -0.061024601537   -0.270237158958    0.153571240511 
   0.963668256887   -0.244031977181   -0.104094233126    0.030923703059 
   0.987684970764   -0.054568275540   -0.073008615833   -0.127163060067 
   0.946000182641    0.189308891788   -0.262800676130   -0.013475999377 
   0.904585009238    0.313974189632   -0.131786404832    0.256473220450 
   0.929262881282    0.276386061905   -0.223114282202   -0.101495119748 
   0.961187274102   -0.112871903814    0.242093752358    0.069062091643 
   0.934314744597    0.131183552573   -0.131011727584   -0.304438435154 
   0.890365207735    0.117808621718    0.308727063064    0.313142980180 
   0.906135116647    0.273148855262    0.316238793032    0.065588711144 
   0.881725421454    0.271579558990    0.133646681668   -0.361861007543 
   0.951110010973    0.042198688070    0.052620420399   -0.301396929494 
   0.960354197316    0.109784332485   -0.036490580127    0.253644738955 
   0.931001751874    0.009434748325   -0.359466262908    0.062695529044 
   0.902704720911    0.307020626748    0.215520607602    0.210744844054 
   0.959702289482   -0.219119337076    0.016428599619   -0.175180857392 
   0.869531748968    0.349081653584    0.190521842781    0.292844607412 
   0.919791655743   -0.247829840101   -0.097533186982    0.288185630833 
   0.938757288948   -0.331425735128   -0.068836305613    0.064446082673 
   0.985842110012    0.143271099729    0.080388153060   -0.033562940225 
   0.987637441437   -0.030736356854    0.128233943971   -0.084756216608 
   0.960730610807   -0.033399917261    0.088975642816    0.260699969257 
   0.931866785631    0.042689051596    0.332278410027   -0.139258740986 
   0.886086727157    0.221946314580    0.324083456551    0.246089533687 
   0.914043191300    0.197513879361   -0.137601118946   -0.326464766801 
   0.943750957531   -0.241989808107    0.222793032038   -0.033739113906 
   0.894007949674   -0.286056440181   -0.050959425755    0.341063976225 
   0.927243918804   -0.031446268096    0.356191233054    0.111164979917 
   0.980844270345   -0.091056769624    0.119619337408   -0.123872499593 
   0.934238161651    0.088627893498   -0.336819686226    0.076789665833 
   0.974669195840    0.138090853289    0.027199555865    0.173813287984 
   0.969952058618   -0.081410970225    0.160683807647    0.163541957524 
   0.956386454565    0.228949908233   -0.066117321748   -0.168924210254 
   0.954682609156    0.183708481869   -0.209336920082    0.104930278545 
   0.965028701118   -0.111182861880   -0.055694387862   -0.230772858896 
   0.930168047794    0.233600685054    0.229346370252   -0.166187740999 
   0.940590297147    0.293803178412   -0.054285888463    0.161315304859 
   0.932276973471    0.082843425148    0.340419309919    0.090062784099 
   0.909988684031    0.198719688140    0.355109340025   -0.079551474578 
   0.948893692907    0.048881836889    0.309577323829    0.037056796321 
   0.881311894697   -0.317359092888    0.278202803859   -0.212545878228 
   0.890316577474   -0.328006505139    0.088998920736    0.303030223854 
   0.918703267821    0.099190397473   -0.336703965379   -0.181041460562 
   0.897866355600    0.350074392807    0.181296534401    0.195998708148 
   0.948723402635   -0.117193377812   -0.226233940945    0.187103771889 
   0.966369609630    0.082554771625    0.010300937282   -0.243327717198 
   0.921022500874   -0.082770836406    0.207242727405    0.319244410230 
   0.929170530605    0.148379554705    0.135048773472    0.310463301511 
   0.901115306313   -0.321320595136   -0.246137994247    0.155436056489 
   0.976154156373    0.191317698807   -0.012001615051    0.101865412947 
   0.978449369407    0.061498862679   -0.131723051081    0.146641601229 
   0.928980583811   -0.044543585984    0.014059311967    0.367169279213 
   0.978716100175   -0.037247279034    0.177089792171    0.096781408194 
   0.941270092395   -0.175315404688   -0.265706707233   -0.112583603485 
   0.933871425135    0.304836278213   -0.142951880127    0.120514583224 
   0.957927056526   -0.285943166001   -0.014503882517    0.020047383492 
   0.878260221898   -0.311906150666    0.153238429712   -0.328468445162 
   0.940711257599    0.228644210707    0.209155957241    0.137978042769 
   0.891001975625   -0.052215894962    0.306004317931   -0.331285884325 
   0.928899775499    0.033295782667   -0.115757031763    0.350195527572 
   0.941443547891    0.064125244589    0.302164378210    0.135161709373 
   0.902818169104    0.256368833329   -0.251662590780    0.236347869113 
   0.915892834990    0.143417245644    0.208450212609    0.311641328019 
   0.950943037115   -0.066212075541   -0.051242560744   -0.297821257104 
   0.884795381378   -0.248062130680   -0.348154526612   -0.185447399589 
   0.949276093722   -0.011219599508    0.273628311403   -0.154520437718 
   0.901197254215   -0.162183063892    0.217489515714    0.337991824363 
   0.929282850122   -0.313306901273    0.195003296566   -0.015680701934 
   0.894260408929   -0.303246694067    0.022918565444    0.328351188390 
   0.955317102104    0.033460891597    0.122821718409    0.266766618316 
   0.916872190463   -0.319696745301    0.216980536375   -0.100293689900 
   0.968412709749    0.088780737712    0.232013384116    0.021554438019 
   0.958140456833   -0.277910439536   -0.059881978363   -0.033864454000 
   0.923778619645    0.062629775870   -0.377467875639    0.015118727516 
   0.910795241675   -0.226332284004    0.209925904876   -0.274147477505 
   0.980509374506   -0.053668542905    0.025582604774   -0.187260738921 
   0.889008593037    0.213904409049    0.263289992284   -0.307550004486 
   0.980762904378    0.019480242017    0.193523525174    0.016531508460 
   0.969576585937   -0.022177940359   -0.228692885097    0.084433093453 
   0.970880516674    0.048057130330    0.002354330518    0.234682746904 
   0.894512842445   -0.262486026435   -0.053848894898   -0.357838171727 
   0.894648033249   -0.072958106854    0.290302676205    0.331672078169 
   0.975623730404    0.181656572479   -0.120853144967   -0.023531759368 
   0.961215471641    0.110134495581   -0.119616569440   -0.222771376698 
   0.990493812729   -0.049762418849    0.039320258431   -0.122064023744 
   0.986817290058    0.078096877906    0.132849600089   -0.049431745469 
   0.896719249937   -0.352060991684   -0.142855240006    0.227024283567 
   0.923273067599    0.126907195425    0.227048066721   -0.282684597729 
   0.951627455435   -0.261805742138    0.129910614233   -0.094795420543 
   0.899954050302   -0.276186089121   -0.329639522488    0.071705904471 
   0.908370476318    0.352784936121    0.004586635555   -0.224465652994 
   0.961690467994    0.149247191176    0.119905629334    0.196212537186 
   0.903963635930    0.288001566346   -0.310699550704    0.058057143322 
   0.909230013603   -0.199631192304   -0.181874916988    0.316811748508 
   0.896704155752   -0.240717174551    0.284833459758    0.238425667946 
   0.920025518242    0.316699814325   -0.213875681701    0.086668715042 
   0.955083228898    0.030935941585   -0.050756648928    0.290314925531 
   0.946727541310    0.286305068988   -0.142643836300    0.037270711867 
   0.985562201397   -0.100081653387    0.135408449110   -0.017758427369 
   0.913634592984   -0.314439592623   -0.243685048827    0.083768550615 
   0.874301637366    0.322458125228    0.274854643895    0.236795965133 
   0.872681295208   -0.294533739965   -0.193924096352   -0.337743508998 
   0.955304649352   -0.281475285733   -0.004667821157    0.090238029090 
   0.929464573309   -0.082560465747   -0.031548478440    0.358167656226 
   0.879989346720   -0.278156316009    0.269283346974   -0.275198642014 
   0.915098963427    0.097669314684    0.370134482771   -0.126708550491 
   0.960128138773    0.183732771186    0.140263536540    0.157233476864 
   0.932483788064    0.202163990938    0.086993641708   -0.286418945022 
   0.887807370238   -0.125984830002    0.267741571385    0.352477441708 
   0.902903767001    0.361123574939    0.185385313314   -0.141374809520 
   0.962832771556   -0.259405656083    0.056138768295   -0.050101879244 
   0.915129789705   -0.032091895729    0.322908591945    0.239243849392 
   0.952080186925   -0.159934693062    0.260693663570    0.001739365917 
   0.926665258639    0.003212552168   -0.329800041678    0.180313921951 
   0.991521800304   -0.122574421389   -0.042779214743   -0.005474443310 
   0.951044319599    0.114721339466    0.130808885609    0.255426607611 
   0.980902648816    0.134118970619   -0.076512011906    0.118270906397 
   0.953760376832   -0.095249892935   -0.113998117702   -0.261291084123 
   0.949751106769   -0.026617754583   -0.155263340417    0.270476663419 
   0.897740980791    0.196600073755   -0.306901226627    0.247429140368 
   0.892706945419   -0.153473269324   -0.363269934982   -0.218071592696 
   0.905278380874   -0.226203119678   -0.106875921328   -0.343337646073 
   0.897140602164    0.095701405818    0.271797183186   -0.334822747264 
   0.922657720624   -0.024076814085   -0.160610937750    0.349753004663 
   0.946234054836    0.167956746272    0.271989230101    0.049532853346 
   0.928708487256    0.274267491537    0.176863115288   -0.176060578312 
   0.918885962868    0.170053246853   -0.067883260552    0.349460074137 
   0.962854650370    0.104741298501    0.117240211325   -0.219533404059 
   0.936131361060   -0.329858141124   -0.021007201684   -0.120043238257 
   0.965510432147   -0.100395017604    0.095888664197    0.220263047139 
   0.957561670134    0.250474458385    0.091818692396    0.109121589584 
   0.946928699009    0.128587032725   -0.290430159864   -0.049413927683 
   0.930639547034   -0.186787607481   -0.100361619862   -0.298241459973 
   0.910303395361   -0.027003237467   -0.344945222210    0.227225322612 
   0.915261335686    0.318900407553    0.141433292757   -0.201484096545 
   0.934550200652    0.009210597893    0.126100950896   -0.332610338880 
   0.922500732510    0.366347610082   -0.105102448704   -0.061117120209 
   0.946418557855   -0.027616895408   -0.247145408009   -0.206030016588 
   0.924138376772   -0.004882724984    0.066947147094    0.376115007770 
   0.955298574431   -0.025882948557   -0.140624694567   -0.258765148237 
   0.952250396030    0.181099929412   -0.054034802842    0.239796244568 
   0.914441276059    0.311513385765   -0.201974727423    0.161129676382 
   0.907216903996    0.195761538333    0.222707960215    0.298389131288 
   0.972828846325   -0.064800669005   -0.220139902943   -0.030713713317 
   0.895485950154   -0.096395252883   -0.248564214398    0.356410857886 
   0.904258052947   -0.354971655270    0.196994249005    0.132309347723 
   0.982002402566    0.135148191209    0.015282379397   -0.131044636088 
   0.908364942337    0.187910023970    0.365796240294    0.075868735395 
   0.960076130129    0.116911594210    0.209676769717   -0.143600681534 
   0.952362552611    0.021613089954   -0.256550017867   -0.163464158333 
   0.979332830313   -0.030595235803   -0.076307191644   -0.184792725833 
   0.905143717093   -0.309510098298    0.013944246267   -0.291073716530 
   0.926884834135    0.001420449998    0.372349653849   -0.047309849405 
   0.998333684670    0.011896994477    0.000047567507    0.056465151311 
   0.964451759254   -0.188319347441   -0.068381727711   -0.172315312048 
   0.948966402358   -0.094677698471    0.045660516190    0.297344947611 
   0.914679386690    0.168861735548    0.003137698707    0.367202244926 
   0.939440981389    0.079767515039   -0.229441382883    0.241752844559 
   0.970097500778    0.052212070901   -0.101282107981   -0.214305093825 
   0.935206796414   -0.219800976657    0.089884890430    0.262671820098 
   0.974303319772   -0.080100144314    0.210326958835    0.008920669790 
   0.951187974742    0.303328001779    0.055222288582   -0.013566830398 
   0.931045881054    0.034428660003   -0.073822580480   -0.355694336973 
   0.947948065882   -0.080735984920   -0.307936687720   -0.007152725757 
   0.869590945087   -0.180038457974    0.293180779804   -0.354179011557 
   0.927558506362   -0.104007172128    0.358102580865    0.024088731792 
   0.973140851303    0.152665414909   -0.170078470611    0.027630932865 
   0.910160616637    0.368474986097   -0.164821902438   -0.093099822888 
   0.965947394858    0.058411282825   -0.250459172436    0.028354106360 
   0.915458610364    0.289527681379   -0.231872073739   -0.156027548354 
   0.913820097448    0.074660722246    0.340908359262   -0.207701941826 
   0.901589270465    0.267548776946   -0.339741831569    0.011398562129 
   0.889927055918   -0.326631125518   -0.249153046643   -0.198153229438 
   0.935501805937   -0.205096256595   -0.188506776271    0.217340957757 
   0.960682494358   -0.256741497356    0.068952314193    0.080115709673 
   0.957625434677    0.137524525840    0.067055002274    0.244016717299 
   0.938482665843   -0.162289021374    0.266216329293   -0.148463549302 
   0.940379565429   -0.274913816165   -0.197204104632   -0.034917155117 
   0.997626381401   -0.049489286534    0.046865252849   -0.009801108467 
   0.993281557593   -0.057503197468   -0.031994623972    0.095191773087 
   0.927038206392   -0.369522789873    0.007434241194   -0.063228187632 
   0.944241836536    0.229917816795   -0.188071661679    0.142035917039 
   0.973301258989   -0.030515669641    0.030391077320    0.225454730659 
   0.974478913276   -0.097411899630   -0.200319503390    0.027818446255 
   0.989326418286   -0.018788150621    0.144430735182   -0.004472830476 
   0.880277081736    0.346702748068   -0.311169574275   -0.089905282922 
   0.905354469135   -0.284504700833    0.213633059897   -0.231843214564 
   0.943839500844   -0.130781778286    0.122511928503    0.277585933522 
   0.937294765614    0.341059616754   -0.071577036658   -0.005795515132 
   0.923243977835    0.216287795309    0.011974454189   -0.317327527072 
   0.915945188538    0.173104347063   -0.293115707254   -0.212514655454 
   0.925342039331    0.360673776840    0.116308231237    0.011354835685 
   0.931276300644   -0.121767888833   -0.113016799450   -0.324228678789 
   0.936956090831   -0.175802765258    0.256004506381    0.160213495983 
   0.948171836296   -0.058587832669    0.157619260483    0.269617884129 
   0.907274631330    0.317823025031   -0.088661020796   -0.260730687677 
   0.956885311399   -0.015466266419    0.208608700886   -0.201528423171 
   0.974618022539   -0.019674196735    0.151365554007   -0.163771502971 
   0.921357442533    0.316061509331   -0.047322690012    0.221282960074 
   0.955081848787    0.233593149477   -0.174965354226    0.051381197490 
   0.966765317693   -0.182711349723    0.091650587951   -0.153562863079 
   0.901327489639   -0.256722351608    0.343353950947    0.061728882827 
   0.967570208746    0.229411101010    0.104719115248    0.014572054821 
   0.872046924278    0.327749997448   -0.253442143887   -0.260540171051 
   0.870911095525    0.265940021987   -0.347952867524   -0.222976613973 
   0.951662640150   -0.168741305369   -0.031478153862   -0.254703194003 
   0.926332360922   -0.262458161427    0.176000961403    0.205055436881 
   0.904220554180    0.370150352252    0.202954600028    0.064678717160 
   0.947328240237   -0.249949472677   -0.183937827924    0.079128640943 
   0.952296458748   -0.209926568058    0.165503114780    0.147210766176 
   0.876551555725    0.269824315196   -0.275622749420   -0.287896351292 
   0.867127919067   -0.173028650478    0.299756680420    0.358184576205 
   0.910811659269    0.068241742937   -0.197331519272    0.356125620199 
   0.883005075465   -0.323511647449   -0.203899383116   -0.272153067652 
   0.924946634870   -0.151172283702   -0.295932448710   -0.184511921248 
   0.865753945545   -0.329226524423    0.357118034565   -0.120609745787 
   0.925650533103   -0.255919891211    0.278634026788    0.006259310161 
   0.916217604365   -0.248669564620   -0.239716696781    0.203087799651 
   0.950646286330   -0.020590327292    0.142364027213   -0.274918461484 
   0.945237337620    0.205788329170    0.178277706847   -0.179984994896 
   0.972676732971   -0.079187069333    0.208434223649   -0.064688141104 
   0.957449733071    0.124883736083   -0.259620978448    0.017058975744 
   0.891525833669   -0.119959097730   -0.259438849172   -0.351401460317 
   0.923991098035   -0.276740563805   -0.217203610278    0.149925657505 
   0.908093073599   -0.105610549946    0.357821782095    0.190202401877 
   0.879227975770    0.302269414989   -0.119326574243   -0.348356909024 
   0.904083169001   -0.334492995152   -0.068428783184   -0.257032218515 
   0.988976202350   -0.009609329013    0.091649272654    0.115905749652 
   0.995229518225    0.031050863947   -0.084398499615    0.037827809416 
   0.931872597674    0.148497085789    0.320469146252    0.082834796534 
   0.918897116798   -0.337416455866    0.029250006997   -0.202293502472 
   0.980689564581    0.182035633232   -0.056558704261   -0.043727784394 
   0.917980033163    0.359992129774   -0.021599306927    0.165081177470 
   0.930987973885    0.272946024037    0.093992715857    0.223444019410 
   0.878042649520    0.182879449683   -0.288063735401    0.335582325002 
   0.928369198321    0.167333309737    0.331353867590   -0.018297800259 
   0.899875630633    0.300881362177    0.259670251881   -0.179626322057 
   0.896086701486    0.310500987882    0.183530546345   -0.258716637466 
   0.961125513145   -0.173249758804   -0.206064970642    0.061314736647 
   0.923880959477   -0.102551832982   -0.270896035053   -0.250084850521 
   0.921638534594   -0.061062345749   -0.374122188458   -0.082984273131 
   0.914221666376    0.148435854827   -0.373541865569    0.051303181167 
   0.878467021868    0.299165796819   -0.333458107347    0.166136113316 
   0.967514431857    0.112634468792    0.176221275580    0.142040003598 
   0.920823999086   -0.012631593327    0.341081526361   -0.188645164085 
   0.885382214963   -0.364875331945   -0.086519558176    0.274733855973 
   0.951093067118    0.211239802774    0.212846443898   -0.074135785716 
   0.944495613799   -0.245100708719   -0.106606941870   -0.191019993837 
   0.941714119335   -0.115148883409    0.198449503970    0.246034644856 
   0.900778310621    0.022119824318   -0.323012264439    0.289434319854 
   0.941791569916   -0.127670822092   -0.084129839524    0.299417718452 
   0.951194750342   -0.268528302437   -0.036316930457    0.147655606985 
   0.930484145981   -0.213387074686   -0.200513462005   -0.220135326537 
   0.978446197719   -0.119545461840    0.031086225588    0.165485852272 
   0.868101142794    0.102043984121   -0.356302266911    0.330206186767 
   0.867512030276    0.338237548338    0.339885430559    0.132272946269 
   0.926028313192   -0.151989376884    0.026861389538   -0.344455016269 
   0.929636281781   -0.294081728886    0.139949798334   -0.172355372060 
   0.953441248597    0.146499201154    0.041795348096   -0.260270855865 
   0.935024141660   -0.314536554977   -0.109606818784   -0.121585177438 
   0.985947716565   -0.131346893443   -0.054268098339    0.087806988822 
   0.917423070086    0.374380721596   -0.065076011857    0.118063959156 
   0.917151040401    0.365745288963    0.024310640843   -0.156439590369 
   0.918167240831   -0.044328157839   -0.260257312588    0.295415069912 
   0.925681249767    0.260960732452   -0.192024119454    0.195295820476 
   0.955389817481   -0.220649814535    0.191136346684    0.044842535345 
   0.979973516787    0.063020094132   -0.188149475546    0.016737651667 
   0.958039424184    0.076714630035   -0.223079135346   -0.162822070434 
   0.942146834729    0.155200430361    0.200580311115    0.219179622728 
   0.912239961635   -0.371553370930    0.156284978599    0.073084542900 
   0.901011787423    0.097887821913    0.314200284041   -0.282619735254 
   0.944247927763    0.097990387207   -0.142965737107    0.279918797052 
   0.924093527324   -0.223283787759   -0.036365495143   -0.308014697126 
   0.935595599921    0.242529039733   -0.041239184496   -0.253258500266 
   0.963803656509   -0.103454442834    0.167365008272   -0.179912878815 
   0.981006968004   -0.035071876721   -0.156463638775   -0.109153203944 
   0.950110272973   -0.048346779960    0.269392835089    0.149601331752 
   0.930699575758   -0.318162687622    0.156708285105   -0.089517133941 
   0.989615550774    0.114877186962   -0.066402429563   -0.055272153295 
   0.917217258807   -0.145446752104   -0.000235749883    0.370887701158 
   0.931376413900   -0.238579021411    0.147784757280   -0.231900176130 
   0.875965342271   -0.360863894177    0.137690944017   -0.288969155716 
   0.986231555037    0.164451324080    0.016096652829    0.006631713635 
   0.970460355250    0.228094842843   -0.076206126337    0.019289060750 
   0.968208877228   -0.210742668772    0.018489999033    0.133481150548 
   0.935496544149    0.259036932397   -0.108964530069   -0.214179398463 
   0.882218904541    0.129851896523   -0.357450020302   -0.277592817677 
   0.878616781632    0.330081569057   -0.031390817838   -0.343647094211 
   0.878002995637   -0.272560574997   -0.275620612412    0.280810880529 
   0.931445491202   -0.205694942639    0.283194014507   -0.099498932854 
   0.884439447157   -0.295241569059    0.360969622344    0.017326625673 
   0.913616992705   -0.161421826576    0.175361233156   -0.329386433313 
   0.948371269067    0.067362555104   -0.309916384569   -0.002461047531 
   0.883186700878   -0.348327444667    0.304838509886   -0.075648698431 
   0.947269889388    0.304791909546   -0.043039489170   -0.089046341337 
   0.971826962935   -0.216907309797    0.009774143914   -0.091695360732 
   0.912768122011   -0.072187792432   -0.346824787757   -0.203361364724 
   0.938716845497   -0.214609097032    0.019910465550   -0.268992923351 
   0.945102006047   -0.306966789644   -0.111730056207    0.008365570007 
   0.935474063567    0.158768394429   -0.064135404356   -0.309139973526 
   0.979742813361    0.033244995432   -0.143721848683   -0.135435667963 
   0.917095494146   -0.152067689814    0.060419577560    0.363539195933 
   0.913435982279   -0.142385239052   -0.214085709072   -0.315481313472 
   0.969760604795   -0.061865475006    0.199819634627   -0.125734426498 
   0.934811424558   -0.165765261318    0.074451511494   -0.305133497166 
   0.876320423327   -0.362061986112   -0.310849588569    0.065925466690 
   0.908146350811    0.354159424980    0.222699124733    0.015697358051 
   0.895939886509    0.353605053757   -0.021132771692    0.267971251592 
   0.976616816405   -0.132667930272   -0.129625000103    0.108702224178 
   0.873664739288   -0.349282595920   -0.280407960810    0.189955171101 
   0.974025945134    0.138315021743   -0.027919573980   -0.177095766053 
   0.932563991186    0.212509335816    0.267857767743   -0.115829188007 
   0.970314857933    0.061667388961    0.128622858462    0.195300716573 
   0.932171385028   -0.262112822294   -0.117337371494    0.220420776188 
   0.905818184782    0.201971715862    0.068412040360    0.366088288317 
   0.891872436938   -0.126714343275   -0.320546616612   -0.292842787204 
   0.919530444295    0.101312266207    0.379371719176    0.016633863627 
   0.957331483796   -0.089816706628    0.274202482649   -0.016198390442 
   0.872839331553    0.316609150060    0.209640151986   -0.306530837057 
   0.951483968297   -0.145264499674   -0.268411631108    0.039136677085 
   0.960140635097   -0.216993176150   -0.087479116816    0.152942232431 
   0.906494773848    0.328560720786    0.235667794730   -0.121555618012 
   0.934960445312   -0.191856244929   -0.257134724757    0.151399736817 
   0.865440493698   -0.114205863591   -0.333510166091   -0.356006659633 
   0.917610073878    0.049512750518   -0.165664899569   -0.357904150444 
   0.937216047435   -0.333989593598    0.018195143511    0.098721672146 
   0.965264483126   -0.121910920264    0.194865153000    0.124216654611 
   0.941233720571   -0.305360917185    0.141838580874    0.026750897047 
   0.920944699667   -0.079033179822   -0.291733795309    0.245979692895 
   0.948888661422   -0.283199288092   -0.103406584602    0.093357108518 
   0.992931265164   -0.045894412519    0.095616058563    0.053280154886 
   0.967156390004   -0.204943715322   -0.150248548335   -0.005653719735 
   0.904727594562    0.037168052739   -0.359036099200   -0.226229076305 
   0.987751304086    0.002965448143   -0.021517886524   -0.154517144532 
   0.897335013131    0.272806526331   -0.330404073295   -0.105828265368 
   0.894993793807    0.249792838973   -0.325637806505   -0.174784626385 
   0.875407451478    0.271713856206    0.226571486288    0.329391462918 
   0.909516113030    0.266259138296    0.061962817706    0.313124768478 
   0.910376429923   -0.257584437492   -0.318465432686   -0.058692261731 
   0.907147001924   -0.180530325570   -0.299971095530   -0.233474753018 
   0.950455499695    0.108600570096    0.291198249756   -0.006621073386 
   0.935215167990    0.229483471555    0.267539810952    0.033650786013 
   0.903902138637    0.301833365282    0.107189606690    0.283492383649 
   0.879214520844   -0.016901216574   -0.333677517716   -0.339640235228 
   0.908308362241    0.168932496023    0.356509979459    0.139062451498 
   0.928628334257   -0.182859422171   -0.318490271896   -0.052685816368 
   0.991653130168   -0.110985919336    0.060432017085   -0.025576677829 
   0.933832622088   -0.070308792703    0.079609262610    0.341578209054 
   0.981685016862   -0.007758996252   -0.188963971156    0.022955244514 
   0.940639814399    0.200641979432    0.020836213310    0.272956750917 
   0.970256303952   -0.025975013207    0.132049445599    0.201223624972 
   0.923695579137    0.044878744103    0.118698937346    0.361500951151 
   0.937848254604   -0.221208009560    0.085910162379   -0.253233315033 
   0.934506807482    0.173255823504   -0.210767774846    0.228596569262 
   0.940142355856    0.161172945860   -0.034050473982    0.298322304682 
   0.952183833006    0.014038540894    0.211079730315    0.220440955771 
   0.922025751815    0.209352830248    0.108445159237    0.307049756383 
   0.909595291951    0.182174651561   -0.202370012742   -0.313839416154 
   0.909799208465   -0.240907155021    0.052989208775    0.333798272449 
   0.880499965864   -0.240457887339   -0.303010375138   -0.274015559940 
   0.892746649567   -0.190207862847   -0.275184570232    0.301824188733 
   0.908568457572   -0.349258395828   -0.165975162532    0.158032200110 
   0.930587238025   -0.310270423408   -0.156354267380    0.115295272472 
   0.895274423351    0.009243189102    0.309380650410    0.320440140278 
   0.913008562213    0.067575186615   -0.313338891676    0.252324589453 
   0.968909210475    0.224894930589   -0.039239526541   -0.095380666856 
   0.977713702082   -0.024729605787   -0.164519978206    0.128052880210 
   0.974733586049   -0.152801528776   -0.026566461813    0.160749345688 
   0.969262912600    0.101850209231   -0.193452143443    0.112837092023 
   0.888268528821   -0.308596490226   -0.124844488923   -0.316482354186 
   0.984337146209   -0.076457571207   -0.147807976510    0.058201584848 
   0.929699667530   -0.265971451154    0.214266931329   -0.137867318479 
   0.901539611654    0.212683753051    0.086175907543   -0.366831927137 
   0.989358471562   -0.005699555673   -0.123527944862    0.076669267974 
   0.976377608948    0.192498606072    0.074055532745    0.064395880890 
   0.957862467835    0.104642512973    0.252019606527    0.089641257902 
   0.962729192767    0.256684265556    0.016667024781    0.083593657031 
   0.937435465373    0.315257155878    0.092254754100   -0.115398155424 
   0.904118695033   -0.234344561151    0.279586615971   -0.222448502177 
   0.880367389360   -0.294176907549    0.218248345978    0.301298633077 
   0.973965834984   -0.009129196934   -0.218336592413   -0.060302093338 
   0.942130326255   -0.199920822526    0.264005921729    0.052182241828 
   0.877341514302   -0.359323261275    0.230369914727    0.219290591629 
   0.913729274649   -0.352490979627    0.109452996315   -0.169908691740 
   0.978724914660    0.091703086395    0.056333727844   -0.174684276560 
   0.919301927235   -0.369974450315    0.057657370330   -0.121154860994 
   0.968150945732   -0.003237533461    0.054597509278   -0.244320233784 
   0.936556417859   -0.044511245834    0.266769896417    0.222967817244 
   0.948393988412   -0.065864469814    0.203514778164   -0.234077870439 
   0.939741878974    0.231344751849    0.023223739925   -0.250650083979 
   0.875940942230   -0.182060260185   -0.342467264063   -0.286875757833 
   0.953294526419    0.089683758662   -0.262005560415    0.120579665134 
   0.962529346170   -0.088156788835   -0.234278868063    0.104302686079 
   0.971246796288   -0.081215875941    0.088454302407   -0.205571103470 
   0.943368708687   -0.237193500231   -0.042242824405   -0.228057595150 
   0.957524505965   -0.144429978229   -0.216944810018    0.123376461580 
   0.970161172800   -0.222981046245   -0.048369982049    0.082018879803 
   0.900040042766    0.196217327848   -0.182548496219    0.343660774891 
   0.863537328174    0.350590960027    0.352568068340   -0.084172553626 
   0.970333465721   -0.035704477669   -0.156368598826   -0.180906099612 
   0.986256615046   -0.135551724297    0.025384261024    0.090990431422 
   0.976768602234    0.079028443902    0.184563530852    0.074926002326 
   0.974989033645   -0.185190167803   -0.033912427817   -0.118114068850 
   0.894747355520   -0.239461663535   -0.351007020094    0.137402159121 
   0.888456727178   -0.219023893148    0.348294665867   -0.203381424648 
   0.996287297069    0.071027660202   -0.048616797220    0.001760741970 
   0.922362506325    0.381231829544   -0.024412280178    0.057565090508 
   0.909920363318   -0.304818632857    0.148431137342   -0.238953407488 
   0.909276067908   -0.301701957074   -0.068647282109    0.278353214616 
   0.915031323253   -0.108349200525   -0.177833903550    0.345475369542 
   0.947571412495   -0.170015051730    0.170652062767   -0.209955171122 
   0.880752948816   -0.325728475044    0.319099522889    0.127869848637 
   0.897200689168   -0.246501012594   -0.149344971276    0.334610600102 
   0.873435684594   -0.303318998375   -0.268847016842   -0.269868433940 
   0.924702000320    0.283377371420    0.249537904894   -0.048521232381 
   0.986864851599   -0.151810528387   -0.006378278466   -0.054869351310 
   0.907136088329   -0.200700820608    0.343602846496   -0.136968542879 
   0.958784435044   -0.123678540321   -0.220205816556   -0.130174590982 
   0.959731825222   -0.187949766312   -0.163649799941    0.129647414084 
   0.890121998133    0.331541177857    0.113425859964   -0.291372356473 
   0.902284092929    0.039828717647    0.334987710609    0.268477787981 
   0.967024339582    0.169416311059   -0.085630662318   -0.169792313942 
   0.958372835813   -0.204326280007   -0.007126250541    0.199302522381 
   0.957104433716    0.270106648984    0.041360636100   -0.096347282871 
   0.905512279213   -0.274933303960    0.162071648282    0.279628273591 
   0.918623156874    0.128806927477   -0.358491951029   -0.104994248108 
   0.941982684860    0.044364329195    0.331587758326   -0.027385876805 
   0.947429541866    0.184641969898    0.119520904013   -0.232377622968 
   0.920633032058    0.373824735815    0.065091383466   -0.091940192385 
   0.954040709596   -0.089932332708    0.218338859758    0.184517322460 
   0.954506654585   -0.165760126114   -0.112166760422   -0.221041273975 
   0.945710504321   -0.041409764720   -0.106395666969    0.304297281375 
   0.931295567035    0.113484058090    0.046903751271    0.342943105335 
   0.914946817161   -0.213369534705    0.226009668965    0.257420653719 
   0.936514776383    0.127622442048   -0.287288283898   -0.155299799862 
   0.943390217666   -0.286288357880   -0.017513249152   -0.166574786383 
   0.890150378113   -0.284689703526   -0.302320271981   -0.187580729825 
   0.925295927071    0.145908908333    0.133662472192   -0.323531113407 
   0.954643339278   -0.099460281150    0.105465789943   -0.260078285131 
   0.974540210644   -0.224041829838    0.007819173158   -0.003936604076 
   0.988123400254    0.075580201872   -0.094389130165   -0.094818094592 
   0.931222222486   -0.166418536779    0.318042933353   -0.063077218614 
   0.881295482406    0.242899615694    0.359061452674   -0.188130068277 
   0.870329436274    0.311250335775    0.151268007729    0.350382491962 
   0.996714241506    0.028897297939    0.071357560179    0.025174700717 
   0.934004476143   -0.287860390139    0.157574680483    0.141217047145 
   0.912571549200    0.214655905594   -0.251850498914   -0.240223512549 
   0.881246328654   -0.318227119840   -0.342832400063   -0.067840650785 
   0.906146476104   -0.190203179166   -0.248267389602   -0.284753608826 
   0.890308975711    0.021951834642    0.285113618398   -0.354370243290 
   0.943512914447    0.082862563989    0.309408083697   -0.084757380238 
   0.891371772333   -0.270942669375    0.333837841992   -0.143522571931 
   0.914713748268   -0.181310000694   -0.062381088901    0.355716238208 
   0.915266634941   -0.179292453468   -0.315624192063    0.174707104829 
   0.893477652987    0.332060179261   -0.261411780870    0.151978951782 
   0.913832605867    0.351058583456    0.085807542699   -0.185215833699 
   0.878106616774   -0.205407887260    0.331382282314    0.277348431396 
   0.902432688941    0.218826772511   -0.240332632894    0.282790224601 
   0.928956676107   -0.126622589434   -0.323672088648   -0.127446431063 
   0.957438737167    0.144459736298   -0.186672540727    0.166119871476 
   0.995089323538    0.080849762912    0.030171920796   -0.048478956400 
   0.920850019237   -0.139589068771   -0.256399502808    0.258475199798 
   0.953922761613    0.252775723452    0.013040781362   -0.161138873436 
   0.877491125808   -0.220390892572    0.305755805399   -0.296564606897 
   0.909054849950    0.299585189017   -0.017959934634   -0.289042272083 
   0.961724553642    0.047221486817   -0.185112451007    0.196441835127 
   0.961388620814    0.196171021334    0.161945558587    0.104988028903 
   0.896134076714    0.305412021603   -0.155359549206   -0.282011744582 
   0.991818664172    0.011657374434    0.014006827203    0.126347345889 
   0.922934450228    0.036595459747   -0.240251823352   -0.298549550803 
   0.914276738942   -0.244024466811    0.317516730470   -0.061100164484 
   0.874434018152   -0.346038731499   -0.316089032990   -0.125339807816 
   0.930873628503   -0.202452955164    0.024644614035    0.303116696507 
   0.884336922676   -0.285577100276   -0.305598536109    0.207372760311 
   0.944874426370    0.020400623035    0.268825654038    0.185819538004 
   0.939582133485    0.231931738418    0.155534531983    0.197995183052 
   0.976939815992   -0.044099917487   -0.118113838684    0.172316320522 
   0.933104618324    0.097201402666    0.262313887590   -0.225962569819 
   0.905099921352   -0.215226402712    0.351517159332    0.104438568738 
   0.946527888194   -0.061285049688   -0.304758540911   -0.086321094160 
   0.941245528802    0.087234759751   -0.082907493913   -0.315552370701 
   0.910175193114   -0.268102759104    0.268714914391   -0.165814122390 
   0.914454133984   -0.013966163988   -0.183462392235   -0.360444355953 
   0.934421170569   -0.165932024703    0.298750487397    0.100358285407 
   0.902054971189    0.138190346943    0.221043111989   -0.344006104025 
   0.884294193593    0.141307790289   -0.331527660926    0.296892737570 
   0.914237680865    0.229690630736   -0.007798460336    0.333692764463 
   0.939476612894    0.274305173417   -0.203587968769   -0.026311682452 
   0.917791584551   -0.036608441734   -0.288322562016   -0.270533786343 
   0.926571948987   -0.117459563245    0.351936310905   -0.061713105736 
   0.911108556577    0.338118335322   -0.122955588572   -0.201094785337 
   0.909756944190    0.081482407419    0.203099670697    0.352779596267 
   0.886052234441    0.341021835961    0.305553068798    0.072476667888 
   0.896859535939    0.037229265628   -0.274816381628    0.344576422533 
   0.957930469679    0.255842447918   -0.125721831103   -0.033284805674 
   0.933479974043   -0.089580956079    0.327216639385    0.116274078274 
   0.908059337210   -0.296633914526    0.289610199287   -0.059686626037 
   0.978331279495    0.040236959865    0.025738098751   -0.201460777562 
   0.900246667154   -0.325754834172    0.230767697029    0.173741176176 
   0.866107956401    0.342978638951    0.304651102669   -0.198520444099 
   0.938791732739    0.127639226301    0.061770786945   -0.313946938717 
   0.957715192903   -0.052071404863   -0.178323016554    0.219706804279 
   0.917304817517   -0.038895816486    0.150937115670    0.366410936427 
   0.942895851306    0.271808576745    0.155992055022   -0.112844982021 
   0.952537963518   -0.023711815671    0.297386329075    0.060585057019 
   0.880253234278   -0.339925111613   -0.038862009265   -0.328777898091 
   0.901378570021   -0.372836767988   -0.219621252323   -0.016610944341 
   0.886556139575   -0.330085625303    0.289634422591   -0.145511486146 
   0.942658812010    0.141590867777    0.185419530938   -0.238675486486 
   0.900488083932   -0.229208008011   -0.307482760300    0.205034757734 
   0.915761601680   -0.340588834341   -0.061911749582    0.203830493486 
   0.936170668513    0.173666340761   -0.252362686906    0.172445805285 
   0.935580482973    0.241468127560   -0.242464667993    0.087138900774 
   0.966583977861   -0.242592688189    0.081447282208    0.015183596449 
   0.918275154291    0.235781393053    0.317407530728   -0.020744520690 
   0.963803076210    0.260299343442   -0.041961126890   -0.039587193926 
   0.876516890312    0.310958989101    0.060930026252   -0.362367465422 
   0.911511481712    0.336215746563    0.105956963094    0.211846435991 
   0.928570993275   -0.194018246852    0.239533232156    0.206728471746 
   0.927268873051   -0.361220290985   -0.091562550775   -0.036175098442 
   0.979344482318    0.010312995452    0.186777610450   -0.076760349876 
   0.929197346077   -0.300461734221   -0.195319275615   -0.090362707383 
   0.971157075058    0.065040997592    0.151398216611   -0.172343216299 
   0.917140073956    0.153621741759    0.011937916744   -0.367575749128 
   0.997363154946   -0.065673660942   -0.030017452146   -0.007256719757 
   0.916824746559   -0.335424093372    0.043997097338    0.212102138390 
   0.940815125655    0.129602142464   -0.015714952452   -0.312767044741 
   0.948612450961   -0.082605417212    0.251527292981   -0.173334312281 
   0.973064599551    0.154197967397    0.165660699967   -0.043872593250 
   0.925276874526    0.245068627996   -0.061000325902    0.282989457894 
   0.974913787105    0.191281347382   -0.077404455703    0.083445216120 
   0.931351912953   -0.185809462601   -0.126654762582    0.286386153580 
   0.953973151936   -0.116099244674   -0.272792267865   -0.045172661704 
   0.938540339595   -0.005790334497   -0.253466381486    0.234229153684 
   0.989725187291    0.036131128351   -0.078383512473    0.113993947989 
   0.937551753318    0.006071323774    0.205204909548    0.280803835400 
   0.927937475369   -0.200684682412   -0.310938100420    0.044443196991 
   0.890107987987    0.322442905130    0.302613825761   -0.110286967100 
   0.909749612326   -0.271222582520   -0.314186370574    0.008993227937 
   0.886050334219    0.033695960080   -0.292860223713   -0.357788033437 
   0.910454292400    0.306657409485   -0.271841668525   -0.056002874137 
   0.982154166541   -0.074052146785    0.100882815806    0.140399893793 
   0.963274514217    0.196611049595   -0.044547060312    0.177374927355 
   0.909876094076   -0.074752721277    0.230165723574   -0.336988521736 
   0.998117337856   -0.012402688789   -0.058217667033   -0.014787035768 
   0.922859883073    0.360517723511    0.048287242850    0.126589689258 
   0.927461235753   -0.281918817110    0.002671675229    0.245622268709 
   0.941338305298    0.300494273723    0.058192212870    0.142123371757 
   0.956383318542    0.222093231640   -0.177999672742   -0.065739341166 
   0.917205981062    0.158368029261    0.325057470970   -0.167303305939 
   0.925740756229   -0.149434199394    0.228425535280   -0.261715966537 
   0.900167210331    0.170253932850   -0.354355118008   -0.187470109981 
   0.928961691945   -0.089233523458   -0.095895266016    0.346224856336 
   0.928433850894    0.267922200072   -0.256549022236    0.020270135997 
   0.918068111263   -0.129759201944   -0.365452352660   -0.082207484627 
   0.961156135434   -0.240307057075    0.064059790126   -0.119698558578 
   0.976208499456    0.214437034313    0.001996303334    0.032089541556 
   0.914513862088   -0.314470871779    0.254195867363    0.012527085330 
   0.950517514060   -0.196166143538   -0.104398257498    0.217108966711 
   0.892194219489    0.344844516249   -0.260840016619   -0.130515210046 
   0.985321742697    0.071234669020    0.110078510606   -0.109313342279 
   0.951347422684    0.064097119289   -0.014467205338   -0.301032125564 
   0.912162868438    0.144205295441    0.093042142239    0.372165143420 
   0.947708212220    0.172493782398   -0.250419705899   -0.096876263465 
   0.933403017435    0.295119952850    0.011454526984   -0.203793558007 
   0.948320334047    0.170255519700    0.241008814217    0.116689131943 
   0.931191847076   -0.362596971575    0.003872739166    0.037285144954 
   0.924682501521   -0.341462272359    0.110227903946    0.127340477179 
   0.935621424948   -0.163964080373    0.151057214540   -0.273696999364 
   0.924513848545   -0.244986489151   -0.248796886379   -0.152826284750 
   0.936296930624   -0.091072560991    0.090756377496   -0.326828894503 
   0.980246585123    0.157641478135    0.118626253867    0.013914331446 
   0.941410523630   -0.097798238513   -0.188887582058   -0.261731182489 
   0.939806761028    0.027354520067   -0.335462061219   -0.058993115192 
   0.916296900742    0.211279603025   -0.069544233606   -0.333053326972 
   0.957772206784    0.202568361382   -0.204054118500    0.000612863211 
   0.929721698034   -0.119763351838   -0.348053580197    0.011532955991 
   0.979239539492   -0.192487223357    0.015839323669    0.061544365826 
   0.939122043404    0.343526214869    0.000080142092   -0.006286562462 
   0.962487864345   -0.182015342050    0.064583818783    0.190568771311 
   0.991910514288    0.109571826835   -0.025309135543    0.058881186016 
   0.960474692008    0.218793424184    0.167699883717    0.038659443182 
   0.955189235544   -0.024662267242    0.005054077449    0.294923300499 
   0.986038558781   -0.070450275511   -0.138677463689   -0.059441402594 
   0.936815627817   -0.002999077003    0.145512990493    0.318109186622 
   0.921911966623    0.379495850952    0.071726710979   -0.030273814428 
   0.913714246308    0.293067597070    0.004374222554    0.281457857981 
   0.870960603070    0.323747218321   -0.211405126277   -0.303188454782 
   0.953578109265   -0.253767532190    0.085019470135    0.138067080925 
   0.889861735272    0.238066709567   -0.229131437647   -0.314593576185 
   0.943453063106    0.074050371118   -0.099187336710    0.307530051359 
   0.910228567909    0.320828868648    0.261753726575   -0.006146367086 
   0.934019635923    0.317467229109    0.163685077814   -0.005391980480 
   0.988907318462    0.027097593405    0.129385392829    0.067730761447 
   0.933930364340    0.148766093330    0.311176462894   -0.093871896644 
   0.900206266984   -0.338274826049    0.075277586867   -0.263689407940 
   0.899450286434   -0.223339254109   -0.179669226299   -0.329890480204 
   0.952325914319    0.100267900602    0.030534786103    0.286512352025 
   0.891537343274    0.177583268567    0.315040980155   -0.272716939510 
   0.929449521737    0.271618141096   -0.110092022413    0.224113628705 
   0.978892663954    0.068165669107    0.190238798766   -0.030525292073 
   0.974353261848   -0.129185943990   -0.088593379109    0.161548525775 
   0.891745289597    0.306568099536   -0.203380111942    0.263520148937 
   0.982030302675   -0.083041008613    0.160807803141    0.053493232888 
   0.943269880704    0.273879809554    0.088253680299   -0.165659500147 
   0.958409026547   -0.220340753854   -0.166258623939   -0.072526960443 
   0.886921495045    0.342890425326    0.265985604976    0.158265838995 
   0.962617547562    0.031401267368    0.255541183287    0.084143455943 
   0.926612062972    0.023270301009   -0.301004535844   -0.224153624212 
   0.927660572992   -0.298889020892    0.102333667445    0.199095542427 
   0.970692634050   -0.152485489091   -0.163429041962   -0.088288923770 
   0.934435589762   -0.227512970008   -0.260144958008    0.085980101690 
   0.977571701269   -0.191298302559   -0.079576979149   -0.037762848224 
   0.986239109004    0.001311636854   -0.050132746401    0.157535415760 
   0.916049886856   -0.244195337670   -0.149975649539   -0.280586076627 
   0.934965495098   -0.237007110380   -0.143639253619   -0.221438292589 
   0.949798694886    0.063130014061    0.214834311978   -0.218502308718 
   0.941944543318   -0.091633431179    0.169600889375   -0.274916950964 
   0.906347589369   -0.007123793195    0.214957280955   -0.363698592491 
   0.895112669853    0.301881977585   -0.254144977294   -0.207487133082 
   0.917712644096    0.037094487673   -0.377455063752   -0.118132030788 
   0.947938811341    0.242654695665    0.206104862993   -0.007175937301 
   0.942153964847    0.282247249119   -0.118210486995   -0.136779668270 
   0.936320568053    0.338380961354    0.009942126726   -0.093291333734 
   0.889049107624   -0.209395997764    0.209101978113   -0.349315563786 
   0.974370265426    0.120442860672   -0.186755349058   -0.034907631909 
   0.865178918262   -0.346352322701   -0.261428085226    0.251318252839 
   0.960780345630   -0.062535079628   -0.266935904788    0.041661901091 
   0.909373890926    0.129783893616   -0.158869037828   -0.361878289318 
   0.943109287148   -0.265634442128    0.180898986446    0.085198429290 
   0.953106905230   -0.164251214905    0.133953500277    0.216021353963 
   0.864009260947    0.356414261708   -0.250554508481    0.252347596241 
   0.986902930822    0.065921144244    0.082833780165    0.121719237345 
   0.918008446299   -0.214024597405   -0.307619899435   -0.129707215299 
   0.874436283342    0.287801594724    0.345250121147    0.182575415368 
   0.917873293738    0.068495124978    0.326198256324    0.215433822942 
   0.895649668860    0.081656899237   -0.317995583356   -0.300037715036 
   0.913621126187    0.149856188332   -0.352386346268    0.136614141171 
   0.952325229145    0.155894464932    0.246830128414   -0.088591542738 
   0.988052700341    0.079415218063   -0.024754896675    0.129739275393 
   0.912971872250   -0.340986523201   -0.175566252596   -0.139237360020 
   0.891850578082    0.347317315699   -0.190614063911   -0.218264764061 
   0.905809669788   -0.249076382712   -0.246176636756   -0.238467736199 
   0.943525097168   -0.098232859063    0.291593980713   -0.122815499132 
   0.941703338682   -0.306249414801    0.067782401295   -0.121703179599 
   0.888364726153   -0.070615267234   -0.340090537864   -0.300266587245 
   0.897314320288   -0.355318046774   -0.159636528342   -0.207586789227 
   0.944553827499   -0.020668491552    0.035912384188   -0.325731762460 
   0.989402575221   -0.066128033987   -0.092017489695    0.090787713141 
   0.967155534927   -0.153021067230    0.023550247853   -0.201593923693 
   0.976967190905    0.037208007176    0.167103008290    0.127386250109 
   0.906783179535   -0.266636999320    0.102523929804    0.310060993554 
   0.939429411185    0.245485919265    0.103192652079   -0.215778408096 
   0.919755981563    0.259297594049   -0.196152472107   -0.219858817850 
   0.943546997502    0.106368940750   -0.177567489954   -0.258601041105 
   0.982156286069   -0.143247461924   -0.080749218134   -0.091262030207 
   0.980052696847   -0.150260213937    0.070985719565   -0.108993610490 
   0.954733301900    0.155929198840   -0.075132563786   -0.241920451906 
